##############################################################################################################
#
# - The table of photometric predictions was donwloaded on the 29 November 2016 from
#   http://www.iac.es/proyecto/miles/pages/photometric-predictions/based-on-miuscat-seds.php
#   http://www.iac.es/proyecto/miles/media/tarfiles/SSP_models/ssp_sdss_miuscat_UN1.30_v9.2
#
#######################################################################################################################################
#IMF    slope       [M/H]  Age        u        g        r        i       u-g      g-r      r-i    (M/L)u   (M/L)g   (M/L)r    (M/L)i
#######################################################################################################################################
 UN      1.30    -2.3152 0.0631     3.072    2.880    3.224    3.462    0.192   -0.343   -0.239    0.035    0.109    0.224    0.309
 UN      1.30    -2.3152 0.0708     3.181    2.942    3.269    3.496    0.239   -0.327   -0.228    0.038    0.115    0.233    0.317
 UN      1.30    -2.3152 0.0794     3.275    2.997    3.310    3.526    0.278   -0.313   -0.216    0.042    0.120    0.240    0.325
 UN      1.30    -2.3152 0.0891     3.369    3.051    3.350    3.555    0.318   -0.298   -0.206    0.045    0.126    0.248    0.332
 UN      1.30    -2.3152 0.1000     3.472    3.121    3.406    3.601    0.351   -0.286   -0.195    0.049    0.133    0.260    0.344
 UN      1.30    -2.3152 0.1122     3.555    3.172    3.443    3.628    0.383   -0.271   -0.185    0.053    0.139    0.267    0.351
 UN      1.30    -2.3152 0.1259     3.636    3.223    3.478    3.651    0.413   -0.255   -0.173    0.057    0.145    0.275    0.356
 UN      1.30    -2.3152 0.1413     3.729    3.283    3.523    3.686    0.446   -0.240   -0.163    0.061    0.152    0.285    0.366
 UN      1.30    -2.3152 0.1585     3.724    3.024    2.842    2.738    0.700    0.182    0.104    0.061    0.119    0.151    0.152
 UN      1.30    -2.3152 0.1778     3.804    3.075    2.864    2.737    0.729    0.210    0.127    0.065    0.124    0.154    0.151
 UN      1.30    -2.3152 0.1995     3.881    3.124    2.889    2.741    0.757    0.234    0.148    0.070    0.129    0.156    0.151
 UN      1.30    -2.3152 0.2239     3.971    3.180    2.917    2.748    0.791    0.263    0.169    0.075    0.135    0.159    0.151
 UN      1.30    -2.3152 0.2512     4.061    3.236    2.948    2.764    0.825    0.288    0.185    0.081    0.142    0.163    0.152
 UN      1.30    -2.3152 0.2818     4.167    3.307    2.994    2.795    0.860    0.313    0.199    0.089    0.151    0.169    0.156
 UN      1.30    -2.3152 0.3162     4.281    3.402    3.109    2.921    0.879    0.293    0.188    0.098    0.163    0.187    0.174
 UN      1.30    -2.3152 0.3548     4.371    3.472    3.181    2.995    0.899    0.291    0.186    0.106    0.173    0.199    0.185
 UN      1.30    -2.3152 0.3981     4.479    3.557    3.266    3.082    0.922    0.291    0.184    0.117    0.186    0.214    0.200
 UN      1.30    -2.3152 0.4467     4.602    3.686    3.424    3.255    0.916    0.262    0.169    0.130    0.209    0.246    0.233
 UN      1.30    -2.3152 0.5012     4.688    3.750    3.490    3.323    0.938    0.260    0.167    0.140    0.220    0.260    0.247
 UN      1.30    -2.3152 0.5623     4.786    3.821    3.558    3.393    0.965    0.263    0.164    0.152    0.234    0.275    0.262
 UN      1.30    -2.3152 0.6310     4.890    3.898    3.628    3.463    0.992    0.270    0.164    0.167    0.250    0.292    0.278
 UN      1.30    -2.3152 0.7079     5.013    3.991    3.713    3.547    1.022    0.278    0.167    0.186    0.271    0.314    0.298
 UN      1.30    -2.3152 0.7943     5.136    4.115    3.851    3.694    1.021    0.263    0.157    0.207    0.302    0.355    0.340
 UN      1.30    -2.3152 0.8913     5.208    4.191    3.928    3.772    1.017    0.263    0.156    0.220    0.322    0.379    0.364
 UN      1.30    -2.3152 1.0000     5.300    4.260    3.982    3.826    1.040    0.277    0.156    0.239    0.342    0.397    0.380
 UN      1.30    -2.3152 1.1220     5.368    4.302    3.973    3.797    1.066    0.329    0.175    0.253    0.353    0.391    0.368
 UN      1.30    -2.3152 1.2589     5.443    4.329    3.910    3.695    1.114    0.419    0.215    0.269    0.360    0.367    0.333
 UN      1.30    -2.3152 1.4125     5.686    4.625    4.271    4.088    1.061    0.354    0.183    0.335    0.470    0.509    0.476
 UN      1.30    -2.3152 1.5849     5.755    4.687    4.324    4.139    1.068    0.363    0.185    0.355    0.496    0.532    0.497
 UN      1.30    -2.3152 1.7783     5.864    4.804    4.424    4.236    1.060    0.380    0.189    0.390    0.549    0.580    0.540
 UN      1.30    -2.3152 1.9953     6.042    4.947    4.572    4.386    1.095    0.374    0.187    0.458    0.623    0.662    0.617
 UN      1.30    -2.3152 2.2387     6.114    5.054    4.676    4.488    1.060    0.378    0.188    0.487    0.685    0.725    0.675
 UN      1.30    -2.3152 2.5119     6.235    5.184    4.808    4.624    1.051    0.376    0.184    0.542    0.769    0.815    0.762
 UN      1.30    -2.3152 2.8184     6.340    5.296    4.906    4.718    1.044    0.390    0.188    0.595    0.850    0.889    0.828
 UN      1.30    -2.3152 3.1623     6.420    5.396    4.998    4.811    1.024    0.397    0.187    0.638    0.928    0.965    0.899
 UN      1.30    -2.3152 3.5481     6.510    5.497    5.086    4.895    1.013    0.411    0.190    0.691    1.014    1.042    0.967
 UN      1.30    -2.3152 3.9811     6.617    5.604    5.189    4.998    1.013    0.415    0.192    0.760    1.116    1.142    1.059
 UN      1.30    -2.3152 4.4668     6.736    5.717    5.300    5.107    1.019    0.416    0.193    0.844    1.232    1.260    1.167
 UN      1.30    -2.3152 5.0119     6.853    5.829    5.409    5.215    1.024    0.419    0.195    0.937    1.361    1.387    1.283
 UN      1.30    -2.3152 5.6234     6.952    5.924    5.502    5.303    1.028    0.422    0.200    1.023    1.481    1.506    1.387
 UN      1.30    -2.3152 6.3096     7.099    6.043    5.612    5.409    1.056    0.432    0.203    1.167    1.648    1.661    1.525
 UN      1.30    -2.3152 7.0795     7.209    6.145    5.710    5.504    1.064    0.435    0.206    1.288    1.804    1.812    1.659
 UN      1.30    -2.3152 7.9433     7.333    6.250    5.805    5.594    1.083    0.444    0.211    1.439    1.980    1.972    1.797
 UN      1.30    -2.3152 8.9125     7.442    6.358    5.911    5.700    1.084    0.446    0.212    1.586    2.181    2.168    1.975
 UN      1.30    -2.3152 10.0000    7.579    6.482    6.036    5.820    1.097    0.447    0.216    1.795    2.440    2.425    2.200
 UN      1.30    -2.3152 11.2202    7.661    6.535    6.086    5.867    1.126    0.448    0.219    1.931    2.554    2.534    2.291
 UN      1.30    -2.3152 12.5893    7.759    6.625    6.176    5.953    1.134    0.449    0.223    2.099    2.756    2.733    2.464
 UN      1.30    -2.3152 14.1254    7.897    6.774    6.323    6.103    1.122    0.451    0.221    2.363    3.137    3.105    2.804
 UN      1.30    -2.3152 15.8489    7.980    6.865    6.416    6.195    1.115    0.449    0.221    2.533    3.386    3.358    3.032
 UN      1.30    -2.3152 17.7828    8.044    6.934    6.481    6.256    1.110    0.453    0.224    2.665    3.578    3.535    3.182
 UN      1.30    -1.7129 0.0631     2.988    2.638    2.872    3.030    0.350   -0.234   -0.158    0.032    0.087    0.163    0.208
 UN      1.30    -1.7129 0.0708     3.102    2.723    2.946    3.098    0.379   -0.223   -0.152    0.036    0.094    0.173    0.220
 UN      1.30    -1.7129 0.0794     3.210    2.792    3.004    3.149    0.418   -0.212   -0.144    0.039    0.100    0.182    0.230
 UN      1.30    -1.7129 0.0891     3.294    2.853    3.056    3.192    0.441   -0.203   -0.136    0.042    0.105    0.190    0.238
 UN      1.30    -1.7129 0.1000     3.397    2.928    3.120    3.247    0.469   -0.192   -0.127    0.046    0.112    0.200    0.249
 UN      1.30    -1.7129 0.1122     3.470    2.778    2.559    2.409    0.692    0.219    0.150    0.049    0.097    0.119    0.115
 UN      1.30    -1.7129 0.1259     3.580    2.842    2.588    2.419    0.738    0.254    0.169    0.054    0.102    0.121    0.115
 UN      1.30    -1.7129 0.1413     3.665    2.905    2.642    2.468    0.760    0.263    0.174    0.058    0.108    0.127    0.120
 UN      1.30    -1.7129 0.1585     3.765    2.972    2.687    2.504    0.793    0.285    0.184    0.063    0.114    0.132    0.123
 UN      1.30    -1.7129 0.1778     3.856    3.041    2.747    2.557    0.815    0.294    0.190    0.069    0.121    0.138    0.128
 UN      1.30    -1.7129 0.1995     3.960    3.112    2.801    2.601    0.848    0.311    0.200    0.075    0.128    0.144    0.133
 UN      1.30    -1.7129 0.2239     4.079    3.205    2.902    2.704    0.874    0.304    0.198    0.083    0.139    0.158    0.145
 UN      1.30    -1.7129 0.2512     4.173    3.284    2.996    2.803    0.889    0.289    0.192    0.090    0.149    0.171    0.158
 UN      1.30    -1.7129 0.2818     4.267    3.375    3.106    2.922    0.892    0.270    0.184    0.098    0.161    0.188    0.176
 UN      1.30    -1.7129 0.3162     4.375    3.482    3.239    3.068    0.893    0.243    0.171    0.108    0.176    0.211    0.200
 UN      1.30    -1.7129 0.3548     4.465    3.559    3.310    3.139    0.906    0.249    0.171    0.116    0.188    0.225    0.212
 UN      1.30    -1.7129 0.3981     4.576    3.645    3.387    3.215    0.931    0.257    0.172    0.128    0.203    0.240    0.226
 UN      1.30    -1.7129 0.4467     4.684    3.735    3.473    3.300    0.949    0.262    0.173    0.141    0.219    0.258    0.244
 UN      1.30    -1.7129 0.5012     4.804    3.831    3.577    3.414    0.973    0.253    0.164    0.156    0.238    0.283    0.269
 UN      1.30    -1.7129 0.5623     4.912    3.921    3.656    3.490    0.991    0.265    0.166    0.172    0.257    0.302    0.287
 UN      1.30    -1.7129 0.6310     5.046    4.025    3.743    3.572    1.021    0.282    0.172    0.193    0.282    0.326    0.308
 UN      1.30    -1.7129 0.7079     5.146    4.130    3.844    3.677    1.016    0.285    0.168    0.211    0.309    0.356    0.337
 UN      1.30    -1.7129 0.7943     5.265    4.223    3.916    3.744    1.042    0.306    0.173    0.234    0.335    0.378    0.357
 UN      1.30    -1.7129 0.8913     5.371    4.326    4.001    3.825    1.045    0.325    0.176    0.257    0.366    0.407    0.383
 UN      1.30    -1.7129 1.0000     5.487    4.421    4.091    3.915    1.066    0.330    0.175    0.284    0.398    0.440    0.414
 UN      1.30    -1.7129 1.1220     5.555    4.466    4.098    3.910    1.089    0.368    0.189    0.301    0.413    0.441    0.410
 UN      1.30    -1.7129 1.2589     5.638    4.493    4.059    3.845    1.145    0.435    0.213    0.323    0.421    0.423    0.384
 UN      1.30    -1.7129 1.4125     5.867    4.755    4.358    4.161    1.112    0.396    0.197    0.397    0.531    0.553    0.510
 UN      1.30    -1.7129 1.5849     5.966    4.842    4.436    4.236    1.124    0.406    0.200    0.432    0.573    0.591    0.544
 UN      1.30    -1.7129 1.7783     6.057    4.935    4.509    4.304    1.122    0.426    0.206    0.468    0.622    0.630    0.577
 UN      1.30    -1.7129 1.9953     6.143    5.039    4.603    4.396    1.104    0.436    0.207    0.504    0.681    0.683    0.625
 UN      1.30    -1.7129 2.2387     6.233    5.147    4.703    4.495    1.086    0.444    0.209    0.545    0.749    0.746    0.681
 UN      1.30    -1.7129 2.5119     6.360    5.261    4.821    4.614    1.099    0.440    0.207    0.610    0.828    0.827    0.757
 UN      1.30    -1.7129 2.8184     6.478    5.353    4.912    4.705    1.125    0.441    0.207    0.677    0.897    0.896    0.820
 UN      1.30    -1.7129 3.1623     6.602    5.478    5.031    4.823    1.124    0.447    0.208    0.756    1.002    0.996    0.910
 UN      1.30    -1.7129 3.5481     6.740    5.603    5.145    4.934    1.137    0.457    0.211    0.856    1.120    1.102    1.004
 UN      1.30    -1.7129 3.9811     6.872    5.720    5.257    5.044    1.152    0.464    0.213    0.963    1.244    1.217    1.107
 UN      1.30    -1.7129 4.4668     7.007    5.838    5.367    5.151    1.169    0.470    0.216    1.086    1.381    1.342    1.218
 UN      1.30    -1.7129 5.0119     7.121    5.947    5.470    5.252    1.174    0.477    0.218    1.202    1.522    1.470    1.331
 UN      1.30    -1.7129 5.6234     7.254    6.053    5.567    5.345    1.201    0.486    0.222    1.353    1.671    1.601    1.445
 UN      1.30    -1.7129 6.3096     7.379    6.163    5.671    5.447    1.216    0.492    0.224    1.513    1.844    1.757    1.582
 UN      1.30    -1.7129 7.0795     7.482    6.264    5.765    5.539    1.218    0.499    0.226    1.659    2.017    1.910    1.716
 UN      1.30    -1.7129 7.9433     7.590    6.367    5.856    5.627    1.223    0.511    0.229    1.826    2.210    2.070    1.854
 UN      1.30    -1.7129 8.9125     7.695    6.470    5.949    5.718    1.225    0.521    0.231    2.006    2.422    2.249    2.011
 UN      1.30    -1.7129 10.0000    7.812    6.587    6.066    5.836    1.225    0.521    0.230    2.228    2.691    2.498    2.235
 UN      1.30    -1.7129 11.2202    7.905    6.683    6.153    5.919    1.222    0.530    0.234    2.420    2.930    2.697    2.407
 UN      1.30    -1.7129 12.5893    7.996    6.775    6.242    6.006    1.221    0.533    0.236    2.620    3.174    2.914    2.595
 UN      1.30    -1.7129 14.1254    8.090    6.868    6.342    6.106    1.222    0.526    0.236    2.832    3.429    3.169    2.821
 UN      1.30    -1.7129 15.8489    8.182    6.956    6.431    6.193    1.226    0.525    0.238    3.061    3.694    3.416    3.036
 UN      1.30    -1.7129 17.7828    8.266    7.043    6.529    6.290    1.223    0.515    0.239    3.280    3.970    3.706    3.292
 UN      1.30    -1.3146 0.0631     3.047    2.533    2.654    2.738    0.514   -0.121   -0.085    0.034    0.079    0.133    0.159
 UN      1.30    -1.3146 0.0708     3.144    2.611    2.734    2.821    0.533   -0.122   -0.088    0.037    0.085    0.143    0.171
 UN      1.30    -1.3146 0.0794     3.264    2.703    2.814    2.893    0.561   -0.110   -0.079    0.041    0.092    0.153    0.182
 UN      1.30    -1.3146 0.0891     3.374    2.781    2.883    2.956    0.593   -0.102   -0.073    0.045    0.098    0.162    0.192
 UN      1.30    -1.3146 0.1000     3.472    2.864    2.958    3.023    0.608   -0.094   -0.065    0.050    0.106    0.173    0.203
 UN      1.30    -1.3146 0.1122     3.570    2.805    2.604    2.441    0.765    0.201    0.163    0.054    0.100    0.124    0.118
 UN      1.30    -1.3146 0.1259     3.676    2.883    2.674    2.500    0.793    0.208    0.175    0.059    0.106    0.132    0.124
 UN      1.30    -1.3146 0.1413     3.778    2.960    2.730    2.540    0.818    0.230    0.190    0.065    0.114    0.138    0.128
 UN      1.30    -1.3146 0.1585     3.882    3.037    2.779    2.577    0.845    0.259    0.202    0.071    0.121    0.143    0.132
 UN      1.30    -1.3146 0.1778     3.993    3.138    2.877    2.681    0.855    0.261    0.196    0.078    0.132    0.156    0.144
 UN      1.30    -1.3146 0.1995     4.095    3.235    2.984    2.795    0.860    0.251    0.189    0.085    0.144    0.171    0.159
 UN      1.30    -1.3146 0.2239     4.199    3.342    3.108    2.932    0.857    0.234    0.176    0.093    0.158    0.191    0.180
 UN      1.30    -1.3146 0.2512     4.294    3.422    3.212    3.054    0.872    0.210    0.158    0.101    0.169    0.209    0.200
 UN      1.30    -1.3146 0.2818     4.377    3.500    3.298    3.145    0.877    0.202    0.153    0.109    0.181    0.225    0.216
 UN      1.30    -1.3146 0.3162     4.469    3.570    3.399    3.260    0.899    0.172    0.138    0.118    0.192    0.246    0.239
 UN      1.30    -1.3146 0.3548     4.575    3.650    3.483    3.351    0.925    0.167    0.133    0.129    0.205    0.264    0.259
 UN      1.30    -1.3146 0.3981     4.685    3.730    3.542    3.402    0.955    0.188    0.139    0.142    0.220    0.277    0.270
 UN      1.30    -1.3146 0.4467     4.795    3.812    3.612    3.469    0.983    0.199    0.143    0.156    0.236    0.294    0.285
 UN      1.30    -1.3146 0.5012     4.923    3.930    3.706    3.558    0.993    0.224    0.148    0.175    0.262    0.319    0.308
 UN      1.30    -1.3146 0.5623     5.051    4.028    3.778    3.622    1.023    0.251    0.155    0.196    0.285    0.339    0.325
 UN      1.30    -1.3146 0.6310     5.185    4.133    3.861    3.697    1.052    0.273    0.164    0.220    0.312    0.364    0.347
 UN      1.30    -1.3146 0.7079     5.310    4.246    3.964    3.798    1.064    0.282    0.166    0.246    0.345    0.399    0.379
 UN      1.30    -1.3146 0.7943     5.427    4.339    4.045    3.876    1.088    0.293    0.169    0.273    0.373    0.427    0.405
 UN      1.30    -1.3146 0.8913     5.549    4.438    4.133    3.957    1.111    0.305    0.175    0.304    0.407    0.461    0.434
 UN      1.30    -1.3146 1.0000     5.678    4.530    4.211    4.035    1.148    0.318    0.176    0.340    0.441    0.493    0.464
 UN      1.30    -1.3146 1.1220     5.774    4.608    4.282    4.101    1.166    0.326    0.181    0.370    0.472    0.524    0.491
 UN      1.30    -1.3146 1.2589     5.844    4.635    4.253    4.052    1.209    0.382    0.201    0.393    0.481    0.508    0.467
 UN      1.30    -1.3146 1.4125     6.004    4.760    4.335    4.112    1.244    0.425    0.223    0.451    0.536    0.543    0.489
 UN      1.30    -1.3146 1.5849     6.110    4.928    4.516    4.306    1.182    0.412    0.210    0.495    0.622    0.638    0.582
 UN      1.30    -1.3146 1.7783     6.245    5.038    4.609    4.393    1.207    0.429    0.216    0.558    0.685    0.692    0.627
 UN      1.30    -1.3146 1.9953     6.409    5.153    4.701    4.479    1.256    0.451    0.223    0.646    0.758    0.750    0.676
 UN      1.30    -1.3146 2.2387     6.521    5.264    4.800    4.576    1.257    0.464    0.224    0.713    0.836    0.817    0.736
 UN      1.30    -1.3146 2.5119     6.650    5.385    4.919    4.697    1.265    0.465    0.223    0.799    0.929    0.908    0.819
 UN      1.30    -1.3146 2.8184     6.738    5.475    5.014    4.792    1.263    0.461    0.222    0.862    1.005    0.986    0.890
 UN      1.30    -1.3146 3.1623     6.862    5.599    5.130    4.906    1.263    0.469    0.225    0.962    1.123    1.093    0.984
 UN      1.30    -1.3146 3.5481     6.984    5.721    5.242    5.016    1.263    0.479    0.227    1.073    1.252    1.208    1.084
 UN      1.30    -1.3146 3.9811     7.099    5.834    5.343    5.112    1.265    0.491    0.231    1.188    1.384    1.320    1.181
 UN      1.30    -1.3146 4.4668     7.208    5.940    5.435    5.199    1.268    0.504    0.237    1.309    1.519    1.432    1.274
 UN      1.30    -1.3146 5.0119     7.316    6.056    5.543    5.302    1.260    0.512    0.241    1.440    1.684    1.575    1.396
 UN      1.30    -1.3146 5.6234     7.430    6.159    5.635    5.390    1.271    0.524    0.246    1.594    1.846    1.709    1.508
 UN      1.30    -1.3146 6.3096     7.539    6.268    5.734    5.484    1.271    0.534    0.250    1.757    2.033    1.865    1.639
 UN      1.30    -1.3146 7.0795     7.661    6.385    5.843    5.589    1.276    0.542    0.255    1.959    2.258    2.056    1.799
 UN      1.30    -1.3146 7.9433     7.762    6.488    5.931    5.672    1.274    0.557    0.259    2.143    2.475    2.222    1.936
 UN      1.30    -1.3146 8.9125     7.872    6.591    6.027    5.763    1.281    0.564    0.264    2.364    2.711    2.418    2.099
 UN      1.30    -1.3146 10.0000    7.984    6.704    6.131    5.863    1.280    0.573    0.269    2.613    3.002    2.656    2.294
 UN      1.30    -1.3146 11.2202    8.089    6.801    6.216    5.945    1.288    0.585    0.271    2.871    3.272    2.864    2.469
 UN      1.30    -1.3146 12.5893    8.203    6.906    6.314    6.037    1.297    0.592    0.277    3.183    3.599    3.128    2.681
 UN      1.30    -1.3146 14.1254    8.271    6.972    6.373    6.097    1.299    0.599    0.276    3.357    3.788    3.271    2.807
 UN      1.30    -1.3146 15.8489    8.406    7.109    6.514    6.238    1.297    0.594    0.277    3.776    4.267    3.701    3.175
 UN      1.30    -1.3146 17.7828    8.472    7.176    6.599    6.318    1.296    0.577    0.281    3.976    4.497    3.966    3.388
 UN      1.30    -0.7052 0.0631     3.127    2.627    2.713    2.757    0.500   -0.086   -0.045    0.037    0.087    0.141    0.162
 UN      1.30    -0.7052 0.0708     3.234    2.705    2.779    2.815    0.529   -0.074   -0.036    0.040    0.093    0.149    0.170
 UN      1.30    -0.7052 0.0794     3.337    2.786    2.865    2.902    0.551   -0.079   -0.037    0.044    0.099    0.160    0.184
 UN      1.30    -0.7052 0.0891     3.444    2.859    2.933    2.970    0.585   -0.075   -0.037    0.049    0.106    0.170    0.195
 UN      1.30    -0.7052 0.1000     3.539    2.932    3.000    3.033    0.607   -0.068   -0.033    0.053    0.113    0.180    0.205
 UN      1.30    -0.7052 0.1122     3.629    2.993    3.025    3.005    0.636   -0.032    0.019    0.057    0.119    0.183    0.199
 UN      1.30    -0.7052 0.1259     3.741    3.016    2.889    2.666    0.725    0.127    0.223    0.063    0.120    0.161    0.145
 UN      1.30    -0.7052 0.1413     3.841    3.101    2.986    2.762    0.740    0.115    0.224    0.069    0.130    0.175    0.158
 UN      1.30    -0.7052 0.1585     3.937    3.175    3.071    2.869    0.762    0.104    0.202    0.075    0.138    0.188    0.173
 UN      1.30    -0.7052 0.1778     4.029    3.252    3.167    2.985    0.777    0.085    0.182    0.081    0.147    0.205    0.191
 UN      1.30    -0.7052 0.1995     4.133    3.339    3.261    3.100    0.794    0.078    0.160    0.088    0.159    0.222    0.212
 UN      1.30    -0.7052 0.2239     4.242    3.427    3.349    3.202    0.815    0.078    0.148    0.097    0.172    0.239    0.231
 UN      1.30    -0.7052 0.2512     4.376    3.533    3.460    3.334    0.843    0.073    0.126    0.110    0.188    0.264    0.260
 UN      1.30    -0.7052 0.2818     4.497    3.618    3.530    3.391    0.879    0.088    0.138    0.122    0.202    0.280    0.273
 UN      1.30    -0.7052 0.3162     4.628    3.720    3.610    3.464    0.908    0.110    0.146    0.137    0.221    0.300    0.290
 UN      1.30    -0.7052 0.3548     4.767    3.827    3.705    3.552    0.940    0.122    0.153    0.155    0.243    0.326    0.313
 UN      1.30    -0.7052 0.3981     4.894    3.928    3.795    3.645    0.966    0.133    0.150    0.173    0.265    0.352    0.339
 UN      1.30    -0.7052 0.4467     5.038    4.023    3.871    3.704    1.015    0.152    0.167    0.197    0.289    0.376    0.357
 UN      1.30    -0.7052 0.5012     5.176    4.123    3.955    3.783    1.053    0.168    0.173    0.222    0.315    0.405    0.382
 UN      1.30    -0.7052 0.5623     5.300    4.221    4.033    3.837    1.079    0.188    0.196    0.248    0.343    0.432    0.400
 UN      1.30    -0.7052 0.6310     5.442    4.320    4.108    3.902    1.122    0.213    0.206    0.282    0.374    0.461    0.422
 UN      1.30    -0.7052 0.7079     5.560    4.419    4.191    3.978    1.141    0.229    0.213    0.312    0.408    0.495    0.450
 UN      1.30    -0.7052 0.7943     5.695    4.526    4.268    4.047    1.169    0.258    0.222    0.352    0.447    0.529    0.478
 UN      1.30    -0.7052 0.8913     5.789    4.627    4.347    4.111    1.162    0.280    0.236    0.382    0.489    0.566    0.504
 UN      1.30    -0.7052 1.0000     5.913    4.738    4.433    4.189    1.175    0.306    0.244    0.426    0.539    0.610    0.539
 UN      1.30    -0.7052 1.1220     5.998    4.846    4.512    4.259    1.152    0.334    0.253    0.458    0.592    0.653    0.572
 UN      1.30    -0.7052 1.2589     6.136    4.924    4.538    4.267    1.212    0.386    0.271    0.518    0.633    0.665    0.573
 UN      1.30    -0.7052 1.4125     6.232    4.948    4.498    4.222    1.284    0.450    0.276    0.563    0.643    0.638    0.547
 UN      1.30    -0.7052 1.5849     6.503    5.213    4.742    4.430    1.290    0.470    0.312    0.715    0.813    0.791    0.657
 UN      1.30    -0.7052 1.7783     6.668    5.366    4.886    4.581    1.302    0.481    0.305    0.828    0.932    0.898    0.750
 UN      1.30    -0.7052 1.9953     6.820    5.498    4.984    4.681    1.322    0.514    0.303    0.948    1.047    0.978    0.819
 UN      1.30    -0.7052 2.2387     6.971    5.611    5.065    4.757    1.360    0.546    0.308    1.085    1.158    1.050    0.874
 UN      1.30    -0.7052 2.5119     7.094    5.730    5.162    4.848    1.364    0.567    0.314    1.209    1.285    1.143    0.947
 UN      1.30    -0.7052 2.8184     7.215    5.840    5.260    4.946    1.375    0.581    0.314    1.346    1.416    1.244    1.031
 UN      1.30    -0.7052 3.1623     7.321    5.944    5.354    5.041    1.377    0.590    0.313    1.478    1.552    1.351    1.121
 UN      1.30    -0.7052 3.5481     7.421    6.042    5.445    5.136    1.379    0.597    0.309    1.614    1.692    1.464    1.219
 UN      1.30    -0.7052 3.9811     7.527    6.143    5.535    5.224    1.384    0.608    0.312    1.772    1.850    1.585    1.316
 UN      1.30    -0.7052 4.4668     7.664    6.271    5.653    5.339    1.393    0.619    0.314    2.004    2.074    1.759    1.458
 UN      1.30    -0.7052 5.0119     7.778    6.375    5.744    5.424    1.403    0.631    0.320    2.216    2.271    1.905    1.570
 UN      1.30    -0.7052 5.6234     7.923    6.513    5.876    5.561    1.410    0.637    0.315    2.523    2.570    2.145    1.775
 UN      1.30    -0.7052 6.3096     8.027    6.613    5.966    5.642    1.414    0.647    0.324    2.768    2.810    2.322    1.906
 UN      1.30    -0.7052 7.0795     8.141    6.715    6.057    5.730    1.426    0.658    0.327    3.064    3.075    2.516    2.061
 UN      1.30    -0.7052 7.9433     8.261    6.826    6.158    5.828    1.435    0.668    0.330    3.411    3.397    2.752    2.248
 UN      1.30    -0.7052 8.9125     8.373    6.927    6.247    5.911    1.446    0.680    0.336    3.770    3.713    2.978    2.419
 UN      1.30    -0.7052 10.0000    8.486    7.024    6.335    5.995    1.462    0.688    0.340    4.170    4.048    3.220    2.604
 UN      1.30    -0.7052 11.2202    8.591    7.117    6.418    6.075    1.474    0.699    0.343    4.580    4.398    3.466    2.796
 UN      1.30    -0.7052 12.5893    8.710    7.210    6.498    6.153    1.500    0.713    0.344    5.096    4.780    3.718    2.996
 UN      1.30    -0.7052 14.1254    8.808    7.297    6.576    6.222    1.511    0.721    0.354    5.563    5.163    3.986    3.183
 UN      1.30    -0.7052 15.8489    8.916    7.389    6.659    6.308    1.527    0.730    0.351    6.117    5.596    4.283    3.430
 UN      1.30    -0.7052 17.7828    9.030    7.480    6.748    6.400    1.550    0.733    0.348    6.749    6.045    4.616    3.708
 UN      1.30    -0.3960 0.0631     3.171    2.651    2.740    2.778    0.520   -0.089   -0.038    0.038    0.089    0.144    0.165
 UN      1.30    -0.3960 0.0708     3.262    2.724    2.805    2.836    0.538   -0.081   -0.031    0.041    0.094    0.152    0.174
 UN      1.30    -0.3960 0.0794     3.387    2.810    2.892    2.929    0.577   -0.082   -0.037    0.046    0.102    0.164    0.188
 UN      1.30    -0.3960 0.0891     3.479    2.880    2.958    2.993    0.599   -0.078   -0.035    0.050    0.108    0.174    0.199
 UN      1.30    -0.3960 0.1000     3.577    2.955    3.021    3.052    0.622   -0.066   -0.031    0.055    0.115    0.184    0.209
 UN      1.30    -0.3960 0.1122     3.687    3.025    3.095    3.126    0.662   -0.070   -0.030    0.060    0.122    0.196    0.223
 UN      1.30    -0.3960 0.1259     3.803    3.091    3.053    2.794    0.712    0.038    0.259    0.067    0.129    0.187    0.163
 UN      1.30    -0.3960 0.1413     3.896    3.172    3.133    2.898    0.724    0.038    0.236    0.072    0.139    0.201    0.179
 UN      1.30    -0.3960 0.1585     4.016    3.258    3.222    3.040    0.758    0.036    0.182    0.080    0.150    0.217    0.203
 UN      1.30    -0.3960 0.1778     4.142    3.345    3.306    3.143    0.797    0.039    0.163    0.090    0.161    0.233    0.222
 UN      1.30    -0.3960 0.1995     4.284    3.449    3.404    3.259    0.835    0.045    0.145    0.102    0.176    0.254    0.246
 UN      1.30    -0.3960 0.2239     4.411    3.538    3.486    3.343    0.873    0.052    0.143    0.114    0.191    0.273    0.264
 UN      1.30    -0.3960 0.2512     4.551    3.640    3.581    3.442    0.911    0.059    0.139    0.129    0.209    0.296    0.288
 UN      1.30    -0.3960 0.2818     4.682    3.741    3.683    3.560    0.941    0.058    0.123    0.145    0.228    0.324    0.320
 UN      1.30    -0.3960 0.3162     4.809    3.835    3.761    3.624    0.974    0.074    0.136    0.163    0.247    0.347    0.338
 UN      1.30    -0.3960 0.3548     4.952    3.933    3.840    3.693    1.019    0.093    0.148    0.185    0.270    0.371    0.359
 UN      1.30    -0.3960 0.3981     5.095    4.027    3.924    3.765    1.068    0.103    0.159    0.210    0.293    0.399    0.382
 UN      1.30    -0.3960 0.4467     5.234    4.122    4.001    3.837    1.112    0.121    0.164    0.237    0.318    0.427    0.406
 UN      1.30    -0.3960 0.5012     5.373    4.229    4.079    3.904    1.144    0.150    0.175    0.269    0.349    0.457    0.430
 UN      1.30    -0.3960 0.5623     5.516    4.334    4.163    3.981    1.182    0.171    0.182    0.305    0.384    0.491    0.460
 UN      1.30    -0.3960 0.6310     5.645    4.447    4.241    4.046    1.198    0.206    0.195    0.342    0.424    0.525    0.486
 UN      1.30    -0.3960 0.7079     5.756    4.549    4.305    4.089    1.207    0.243    0.216    0.377    0.463    0.555    0.503
 UN      1.30    -0.3960 0.7943     5.887    4.669    4.394    4.169    1.218    0.276    0.225    0.424    0.515    0.599    0.539
 UN      1.30    -0.3960 0.8913     6.032    4.792    4.482    4.244    1.240    0.310    0.238    0.482    0.574    0.647    0.575
 UN      1.30    -0.3960 1.0000     6.160    4.905    4.559    4.314    1.255    0.345    0.246    0.540    0.634    0.692    0.610
 UN      1.30    -0.3960 1.1220     6.297    5.019    4.637    4.379    1.278    0.382    0.258    0.609    0.701    0.739    0.645
 UN      1.30    -0.3960 1.2589     6.406    5.060    4.589    4.305    1.346    0.471    0.284    0.670    0.724    0.704    0.600
 UN      1.30    -0.3960 1.4125     6.640    5.298    4.804    4.495    1.342    0.494    0.309    0.823    0.893    0.849    0.707
 UN      1.30    -0.3960 1.5849     6.810    5.455    4.942    4.636    1.355    0.514    0.306    0.957    1.026    0.959    0.800
 UN      1.30    -0.3960 1.7783     6.972    5.602    5.058    4.743    1.370    0.544    0.315    1.105    1.168    1.062    0.879
 UN      1.30    -0.3960 1.9953     7.101    5.729    5.164    4.846    1.372    0.565    0.318    1.240    1.308    1.165    0.962
 UN      1.30    -0.3960 2.2387     7.240    5.853    5.261    4.936    1.387    0.592    0.325    1.403    1.459    1.269    1.041
 UN      1.30    -0.3960 2.5119     7.377    5.969    5.351    5.023    1.408    0.618    0.328    1.584    1.616    1.372    1.123
 UN      1.30    -0.3960 2.8184     7.516    6.087    5.451    5.115    1.429    0.636    0.336    1.793    1.794    1.499    1.216
 UN      1.30    -0.3960 3.1623     7.651    6.208    5.565    5.235    1.443    0.643    0.330    2.023    1.999    1.658    1.353
 UN      1.30    -0.3960 3.5481     7.756    6.299    5.646    5.314    1.457    0.654    0.331    2.220    2.166    1.779    1.451
 UN      1.30    -0.3960 3.9811     7.870    6.395    5.732    5.396    1.475    0.663    0.336    2.456    2.357    1.919    1.558
 UN      1.30    -0.3960 4.4668     7.987    6.500    5.827    5.486    1.487    0.674    0.340    2.725    2.587    2.086    1.687
 UN      1.30    -0.3960 5.0119     8.135    6.632    5.949    5.606    1.503    0.683    0.343    3.111    2.910    2.325    1.876
 UN      1.30    -0.3960 5.6234     8.258    6.738    6.043    5.694    1.520    0.694    0.350    3.472    3.195    2.527    2.027
 UN      1.30    -0.3960 6.3096     8.399    6.870    6.165    5.810    1.529    0.705    0.354    3.940    3.596    2.817    2.249
 UN      1.30    -0.3960 7.0795     8.538    6.996    6.287    5.932    1.542    0.709    0.355    4.466    4.029    3.145    2.510
 UN      1.30    -0.3960 7.9433     8.657    7.102    6.381    6.020    1.555    0.721    0.361    4.969    4.428    3.418    2.713
 UN      1.30    -0.3960 8.9125     8.774    7.196    6.464    6.096    1.578    0.732    0.368    5.517    4.812    3.678    2.900
 UN      1.30    -0.3960 10.0000    8.893    7.287    6.539    6.164    1.606    0.748    0.375    6.138    5.220    3.930    3.078
 UN      1.30    -0.3960 11.2202    8.988    7.368    6.612    6.231    1.620    0.756    0.381    6.680    5.609    4.191    3.267
 UN      1.30    -0.3960 12.5893    9.102    7.466    6.698    6.310    1.636    0.768    0.389    7.401    6.122    4.528    3.503
 UN      1.30    -0.3960 14.1254    9.227    7.570    6.791    6.388    1.657    0.779    0.402    8.283    6.720    4.917    3.756
 UN      1.30    -0.3960 15.8489    9.374    7.695    6.902    6.492    1.679    0.793    0.410    9.460    7.519    5.434    4.123
 UN      1.30    -0.3960 17.7828    9.485    7.767    6.963    6.545    1.718    0.805    0.418   10.433    8.005    5.721    4.309
 UN      1.30    0.0000  0.0631     3.319    2.754    2.804    2.800    0.565   -0.050    0.003    0.044    0.097    0.153    0.169
 UN      1.30    0.0000  0.0708     3.439    2.842    2.881    2.876    0.597   -0.039    0.005    0.049    0.105    0.164    0.180
 UN      1.30    0.0000  0.0794     3.550    2.936    2.980    2.978    0.614   -0.044    0.002    0.054    0.114    0.178    0.197
 UN      1.30    0.0000  0.0891     3.639    3.005    3.043    3.037    0.634   -0.038    0.006    0.058    0.121    0.188    0.207
 UN      1.30    0.0000  0.1000     3.749    3.081    3.114    3.108    0.668   -0.033    0.006    0.064    0.129    0.200    0.220
 UN      1.30    0.0000  0.1122     3.853    3.160    3.187    3.180    0.693   -0.027    0.007    0.070    0.139    0.213    0.235
 UN      1.30    0.0000  0.1259     3.957    3.237    3.256    3.172    0.720   -0.019    0.084    0.077    0.148    0.226    0.232
 UN      1.30    0.0000  0.1413     4.074    3.316    3.338    3.268    0.758   -0.022    0.070    0.085    0.159    0.243    0.252
 UN      1.30    0.0000  0.1585     4.212    3.408    3.432    3.375    0.804   -0.024    0.057    0.097    0.172    0.264    0.277
 UN      1.30    0.0000  0.1778     4.351    3.496    3.517    3.474    0.855   -0.021    0.043    0.109    0.186    0.284    0.302
 UN      1.30    0.0000  0.1995     4.481    3.578    3.596    3.562    0.903   -0.018    0.034    0.123    0.200    0.304    0.326
 UN      1.30    0.0000  0.2239     4.616    3.673    3.685    3.656    0.943   -0.012    0.029    0.138    0.217    0.329    0.354
 UN      1.30    0.0000  0.2512     4.756    3.771    3.765    3.727    0.985    0.006    0.038    0.157    0.236    0.353    0.377
 UN      1.30    0.0000  0.2818     4.902    3.863    3.848    3.806    1.039    0.015    0.042    0.179    0.256    0.379    0.403
 UN      1.30    0.0000  0.3162     5.032    3.957    3.932    3.887    1.075    0.025    0.045    0.201    0.278    0.408    0.433
 UN      1.30    0.0000  0.3548     5.188    4.054    4.003    3.944    1.134    0.051    0.059    0.231    0.303    0.434    0.454
 UN      1.30    0.0000  0.3981     5.335    4.161    4.087    4.022    1.174    0.074    0.066    0.263    0.333    0.467    0.486
 UN      1.30    0.0000  0.4467     5.460    4.269    4.162    4.083    1.191    0.107    0.079    0.294    0.366    0.498    0.513
 UN      1.30    0.0000  0.5012     5.595    4.384    4.240    4.147    1.211    0.144    0.094    0.332    0.406    0.533    0.541
 UN      1.30    0.0000  0.5623     5.755    4.515    4.327    4.219    1.240    0.188    0.108    0.383    0.456    0.575    0.576
 UN      1.30    0.0000  0.6310     5.914    4.650    4.422    4.300    1.264    0.228    0.122    0.441    0.514    0.625    0.619
 UN      1.30    0.0000  0.7079     6.062    4.783    4.514    4.377    1.279    0.269    0.137    0.504    0.579    0.678    0.661
 UN      1.30    0.0000  0.7943     6.210    4.914    4.601    4.448    1.296    0.313    0.153    0.575    0.650    0.731    0.703
 UN      1.30    0.0000  0.8913     6.350    5.043    4.692    4.520    1.307    0.351    0.172    0.651    0.729    0.791    0.748
 UN      1.30    0.0000  1.0000     6.487    5.174    4.787    4.600    1.313    0.387    0.187    0.735    0.819    0.860    0.801
 UN      1.30    0.0000  1.1220     6.628    5.294    4.869    4.669    1.334    0.425    0.200    0.834    0.910    0.923    0.850
 UN      1.30    0.0000  1.2589     6.761    5.384    4.899    4.674    1.377    0.485    0.225    0.938    0.985    0.945    0.850
 UN      1.30    0.0000  1.4125     6.899    5.464    4.914    4.661    1.435    0.550    0.253    1.060    1.056    0.954    0.836
 UN      1.30    0.0000  1.5849     7.115    5.700    5.137    4.862    1.415    0.564    0.274    1.283    1.301    1.161    0.998
 UN      1.30    0.0000  1.7783     7.283    5.853    5.270    4.985    1.430    0.583    0.286    1.490    1.490    1.306    1.111
 UN      1.30    0.0000  1.9953     7.453    6.003    5.403    5.113    1.450    0.600    0.290    1.734    1.703    1.470    1.245
 UN      1.30    0.0000  2.2387     7.612    6.135    5.508    5.208    1.477    0.627    0.300    1.999    1.914    1.612    1.353
 UN      1.30    0.0000  2.5119     7.772    6.263    5.613    5.307    1.509    0.650    0.305    2.307    2.145    1.768    1.477
 UN      1.30    0.0000  2.8184     7.945    6.397    5.724    5.406    1.548    0.672    0.319    2.695    2.416    1.951    1.610
 UN      1.30    0.0000  3.1623     8.128    6.529    5.827    5.494    1.599    0.702    0.333    3.177    2.719    2.137    1.740
 UN      1.30    0.0000  3.5481     8.275    6.645    5.926    5.586    1.630    0.720    0.340    3.625    3.016    2.331    1.886
 UN      1.30    0.0000  3.9811     8.425    6.768    6.033    5.688    1.657    0.735    0.345    4.146    3.363    2.563    2.063
 UN      1.30    0.0000  4.4668     8.486    6.840    6.109    5.763    1.646    0.731    0.346    4.369    3.582    2.739    2.204
 UN      1.30    0.0000  5.0119     8.610    6.940    6.197    5.844    1.670    0.744    0.353    4.880    3.914    2.959    2.366
 UN      1.30    0.0000  5.6234     8.747    7.056    6.299    5.936    1.691    0.757    0.363    5.520    4.340    3.241    2.568
 UN      1.30    0.0000  6.3096     8.910    7.212    6.453    6.094    1.698    0.758    0.360    6.394    4.995    3.725    2.960
 UN      1.30    0.0000  7.0795     9.034    7.315    6.545    6.179    1.719    0.770    0.366    7.147    5.479    4.041    3.193
 UN      1.30    0.0000  7.9433     9.177    7.425    6.643    6.274    1.752    0.782    0.369    8.131    6.041    4.410    3.475
 UN      1.30    0.0000  8.9125     9.314    7.528    6.730    6.351    1.786    0.798    0.378    9.200    6.628    4.766    3.722
 UN      1.30    0.0000  10.0000    9.448    7.631    6.819    6.435    1.817    0.812    0.384   10.381    7.266    5.160    4.010
 UN      1.30    0.0000  11.2202    9.596    7.736    6.905    6.511    1.860    0.831    0.393   11.864    7.980    5.568    4.290
 UN      1.30    0.0000  12.5893    9.748    7.842    6.994    6.589    1.906    0.848    0.404   13.608    8.779    6.027    4.596
 UN      1.30    0.0000  14.1254    9.878    7.940    7.076    6.663    1.938    0.864    0.413   15.299    9.582    6.486    4.906
 UN      1.30    0.0000  15.8489   10.007    8.039    7.162    6.741    1.968    0.877    0.420   17.181   10.467    6.998    5.257
 UN      1.30    0.0000  17.7828   10.136    8.143    7.253    6.823    1.993    0.891    0.430   19.296   11.493    7.589    5.654
 UN      1.30    0.2223  0.0631     3.432    2.903    2.964    2.892    0.529   -0.061    0.072    0.049    0.111    0.177    0.183
 UN      1.30    0.2223  0.0708     3.537    2.972    3.037    2.994    0.565   -0.065    0.043    0.053    0.118    0.188    0.200
 UN      1.30    0.2223  0.0794     3.642    3.042    3.105    3.068    0.600   -0.063    0.037    0.059    0.126    0.200    0.214
 UN      1.30    0.2223  0.0891     3.743    3.107    3.163    3.139    0.636   -0.056    0.024    0.064    0.133    0.210    0.227
 UN      1.30    0.2223  0.1000     3.846    3.170    3.225    3.208    0.676   -0.055    0.016    0.070    0.140    0.221    0.241
 UN      1.30    0.2223  0.1122     3.964    3.246    3.300    3.297    0.718   -0.054    0.003    0.078    0.150    0.236    0.261
 UN      1.30    0.2223  0.1259     4.081    3.322    3.369    3.342    0.759   -0.048    0.027    0.086    0.160    0.251    0.271
 UN      1.30    0.2223  0.1413     4.202    3.397    3.447    3.429    0.805   -0.049    0.018    0.096    0.171    0.268    0.292
 UN      1.30    0.2223  0.1585     4.336    3.479    3.524    3.517    0.857   -0.045    0.007    0.108    0.183    0.287    0.315
 UN      1.30    0.2223  0.1778     4.472    3.567    3.595    3.589    0.905   -0.028    0.006    0.122    0.198    0.305    0.335
 UN      1.30    0.2223  0.1995     4.614    3.661    3.679    3.671    0.953   -0.018    0.008    0.139    0.215    0.328    0.360
 UN      1.30    0.2223  0.2239     4.745    3.746    3.753    3.746    0.999   -0.007    0.007    0.156    0.232    0.350    0.385
 UN      1.30    0.2223  0.2512     4.904    3.847    3.830    3.817    1.057    0.017    0.013    0.180    0.253    0.374    0.409
 UN      1.30    0.2223  0.2818     5.037    3.942    3.910    3.892    1.095    0.031    0.018    0.202    0.275    0.401    0.437
 UN      1.30    0.2223  0.3162     5.191    4.039    3.994    3.971    1.152    0.046    0.023    0.232    0.300    0.431    0.467
 UN      1.30    0.2223  0.3548     5.328    4.149    4.070    4.038    1.179    0.080    0.032    0.262    0.331    0.461    0.495
 UN      1.30    0.2223  0.3981     5.442    4.256    4.163    4.121    1.186    0.094    0.041    0.290    0.364    0.500    0.533
 UN      1.30    0.2223  0.4467     5.602    4.384    4.247    4.192    1.218    0.137    0.055    0.335    0.407    0.539    0.566
 UN      1.30    0.2223  0.5012     5.755    4.506    4.331    4.263    1.249    0.175    0.068    0.384    0.454    0.580    0.602
 UN      1.30    0.2223  0.5623     5.901    4.629    4.430    4.349    1.272    0.199    0.081    0.438    0.507    0.632    0.650
 UN      1.30    0.2223  0.6310     6.053    4.759    4.527    4.435    1.294    0.231    0.093    0.502    0.568    0.689    0.700
 UN      1.30    0.2223  0.7079     6.211    4.904    4.620    4.506    1.307    0.284    0.114    0.578    0.647    0.747    0.744
 UN      1.30    0.2223  0.7943     6.396    5.057    4.704    4.566    1.339    0.353    0.138    0.682    0.742    0.804    0.784
 UN      1.30    0.2223  0.8913     6.550    5.195    4.797    4.639    1.355    0.397    0.158    0.783    0.839    0.873    0.835
 UN      1.30    0.2223  1.0000     6.684    5.316    4.885    4.712    1.368    0.431    0.173    0.882    0.934    0.942    0.889
 UN      1.30    0.2223  1.1220     6.815    5.444    4.987    4.805    1.371    0.457    0.182    0.991    1.046    1.030    0.964
 UN      1.30    0.2223  1.2589     6.966    5.558    5.057    4.860    1.408    0.502    0.197    1.134    1.158    1.094    1.010
 UN      1.30    0.2223  1.4125     7.113    5.638    5.061    4.828    1.475    0.577    0.233    1.293    1.240    1.093    0.976
 UN      1.30    0.2223  1.5849     7.296    5.763    5.123    4.826    1.533    0.640    0.296    1.520    1.383    1.150    0.969
 UN      1.30    0.2223  1.7783     7.522    6.020    5.399    5.120    1.502    0.621    0.279    1.860    1.741    1.473    1.261
 UN      1.30    0.2223  1.9953     7.708    6.173    5.526    5.238    1.535    0.648    0.288    2.197    1.995    1.647    1.398
 UN      1.30    0.2223  2.2387     7.872    6.305    5.636    5.336    1.567    0.669    0.300    2.544    2.243    1.816    1.525
 UN      1.30    0.2223  2.5119     8.039    6.445    5.761    5.451    1.594    0.683    0.311    2.955    2.540    2.030    1.687
 UN      1.30    0.2223  2.8184     8.215    6.582    5.871    5.549    1.633    0.711    0.322    3.461    2.872    2.237    1.840
 UN      1.30    0.2223  3.1623     8.394    6.703    5.965    5.633    1.691    0.738    0.332    4.066    3.198    2.430    1.981
 UN      1.30    0.2223  3.5481     8.552    6.809    6.046    5.705    1.743    0.763    0.341    4.683    3.511    2.606    2.108
 UN      1.30    0.2223  3.9811     8.709    6.935    6.156    5.807    1.774    0.779    0.349    5.393    3.929    2.875    2.307
 UN      1.30    0.2223  4.4668     8.843    7.038    6.246    5.894    1.805    0.792    0.352    6.080    4.305    3.112    2.492
 UN      1.30    0.2223  5.0119     8.916    7.125    6.342    5.996    1.791    0.784    0.346    6.479    4.648    3.387    2.726
 UN      1.30    0.2223  5.6234     9.064    7.241    6.442    6.090    1.823    0.798    0.352    7.398    5.150    3.702    2.961
 UN      1.30    0.2223  6.3096     9.234    7.381    6.568    6.208    1.853    0.813    0.359    8.624    5.841    4.142    3.291
 UN      1.30    0.2223  7.0795     9.371    7.494    6.671    6.306    1.877    0.823    0.365    9.757    6.464    4.542    3.591
 UN      1.30    0.2223  7.9433     9.520    7.603    6.765    6.395    1.917    0.838    0.370   11.160    7.126    4.939    3.886
 UN      1.30    0.2223  8.9125     9.663    7.710    6.858    6.483    1.953    0.852    0.375   12.695    7.840    5.364    4.202
 UN      1.30    0.2223  10.0000    9.818    7.816    6.946    6.566    2.002    0.870    0.380   14.600    8.621    5.804    4.526
 UN      1.30    0.2223  11.2202    9.962    7.920    7.031    6.642    2.042    0.888    0.389   16.627    9.459    6.259    4.839
 UN      1.30    0.2223  12.5893   10.106    8.028    7.124    6.728    2.078    0.904    0.396   18.934   10.428    6.800    5.225
 UN      1.30    0.2223  14.1254   10.241    8.135    7.216    6.813    2.106    0.919    0.403   21.384   11.471    7.381    5.635
 UN      1.30    0.2223  15.8489   10.377    8.249    7.318    6.906    2.128    0.930    0.412   24.180   12.709    8.092    6.124
 UN      1.30    0.2223  17.7828   10.511    8.358    7.417    6.997    2.153    0.941    0.420   27.291   14.029    8.843    6.644
